
-1  |  10  |  15  |  20  |  10  |  
-1  |  -1  |  1  |  2  |  -1  |  

-1  |  10  |  15  |  20  |  10  |  
-1  |  -1  |  1  |  4  |  -1  |  

-1  |  10  |  15  |  20  |  10  |  
-1  |  -1  |  1  |  2  |  -1  |  

-1  |  10  |  15  |  20  |  10  |  
-1  |  -1  |  1  |  1  |  -1  |  

10  |  -1  |  5  |  10  |  20  |  
-1  |  -1  |  -1  |  2  |  3  |  

10  |  -1  |  5  |  10  |  20  |  
-1  |  -1  |  -1  |  2  |  0  |  

10  |  -1  |  5  |  10  |  20  |  
-1  |  -1  |  -1  |  -1  |  3  |  

10  |  -1  |  5  |  10  |  20  |  
-1  |  -1  |  -1  |  -1  |  0  |  

15  |  5  |  -1  |  5  |  15  |  
1  |  -1  |  -1  |  -1  |  3  |  

20  |  10  |  5  |  -1  |  10  |  
4  |  2  |  -1  |  -1  |  -1  |  

20  |  10  |  5  |  -1  |  10  |  
1  |  2  |  -1  |  -1  |  -1  |  

20  |  10  |  5  |  -1  |  10  |  
4  |  -1  |  -1  |  -1  |  -1  |  

20  |  10  |  5  |  -1  |  10  |  
1  |  -1  |  -1  |  -1  |  -1  |  


-1 | 10 | 15 | 20 | 20 | 20 | 10 | -3 | -3 | -3 | -3 | -3 | -3 | -3 | -3 | -3 | -3 | -3 | -3 | -3 | 
-1 | -1 | 1 | 2 | 1 | 4 | -1 | -3 | -3 | -3 | -3 | -3 | -3 | -3 | -3 | -3 | -3 | -3 | -3 | -3 | 
0 | 1 | 2 | 3 | 3 | 3 | 4 | -3 | -3 | -3 | -3 | -3 | -3 | -3 | -3 | -3 | -3 | -3 | -3 | -3 | 

10 | -1 | 5 | 10 | 10 | 20 | 20 | -3 | -3 | -3 | -3 | -3 | -3 | -3 | -3 | -3 | -3 | -3 | -3 | -3 | 
-1 | -1 | -1 | 2 | -1 | 3 | 0 | -3 | -3 | -3 | -3 | -3 | -3 | -3 | -3 | -3 | -3 | -3 | -3 | -3 | 
0 | 1 | 2 | 3 | 3 | 4 | 4 | -3 | -3 | -3 | -3 | -3 | -3 | -3 | -3 | -3 | -3 | -3 | -3 | -3 | 

15 | 5 | -1 | 5 | 15 | 
1 | -1 | -1 | -1 | 3 | 
0 | 1 | 2 | 3 | 4 | 

20 | 20 | 10 | 10 | 5 | -1 | 10 | -3 | -3 | -3 | -3 | -3 | -3 | -3 | -3 | 
4 | 1 | -1 | 2 | -1 | -1 | -1 | -3 | -3 | -3 | -3 | -3 | -3 | -3 | -3 | 
0 | 0 | 1 | 1 | 2 | 3 | 4 | -3 | -3 | -3 | -3 | -3 | -3 | -3 | -3 | 
